# vtk DataFile Version 2.0
william -- MATLAB -- really cool data
ASCII

DATASET UNSTRUCTURED_GRID
POINTS 387 float
-5.00000000000000000000E+01 -6.12323399573676610000E-15 0.00000000000000000000E+00
3.06161699786838300000E-15 -5.00000000000000000000E+01 0.00000000000000000000E+00
5.00000000000000000000E+01 0.00000000000000000000E+00 0.00000000000000000000E+00
3.06161699786838300000E-15 5.00000000000000000000E+01 0.00000000000000000000E+00
-3.53553390593273700000E+01 -3.53553390593273780000E+01 0.00000000000000000000E+00
3.53553390593273780000E+01 -3.53553390593273700000E+01 0.00000000000000000000E+00
3.53553390593273780000E+01 3.53553390593273700000E+01 0.00000000000000000000E+00
-3.53553390593273850000E+01 3.53553390593273700000E+01 0.00000000000000000000E+00
-4.96856104946621290000E+01 -5.59822380516539920000E+00 0.00000000000000000000E+00
-4.87463956090911810000E+01 -1.11260466978157260000E+01 0.00000000000000000000E+00
-4.71941665154183810000E+01 -1.65139530977583600000E+01 0.00000000000000000000E+00
-4.50484433951209550000E+01 -2.16941869558779100000E+01 0.00000000000000000000E+00
-4.23362099614142050000E+01 -2.66016038257668330000E+01 0.00000000000000000000E+00
-3.90915741234014860000E+01 -3.11744900929366790000E+01 0.00000000000000000000E+00
-3.11744900929366760000E+01 -3.90915741234014930000E+01 0.00000000000000000000E+00
-2.66016038257668230000E+01 -4.23362099614142120000E+01 0.00000000000000000000E+00
-2.16941869558779030000E+01 -4.50484433951209550000E+01 0.00000000000000000000E+00
-1.65139530977583500000E+01 -4.71941665154183810000E+01 0.00000000000000000000E+00
-1.11260466978157170000E+01 -4.87463956090911810000E+01 0.00000000000000000000E+00
-5.59822380516539030000E+00 -4.96856104946621290000E+01 0.00000000000000000000E+00
5.59822380516539560000E+00 -4.96856104946621290000E+01 0.00000000000000000000E+00
1.11260466978157220000E+01 -4.87463956090911810000E+01 0.00000000000000000000E+00
1.65139530977583570000E+01 -4.71941665154183810000E+01 0.00000000000000000000E+00
2.16941869558779100000E+01 -4.50484433951209550000E+01 0.00000000000000000000E+00
2.66016038257668300000E+01 -4.23362099614142050000E+01 0.00000000000000000000E+00
3.11744900929366790000E+01 -3.90915741234014930000E+01 0.00000000000000000000E+00
3.90915741234014930000E+01 -3.11744900929366760000E+01 0.00000000000000000000E+00
4.23362099614142120000E+01 -2.66016038257668300000E+01 0.00000000000000000000E+00
4.50484433951209550000E+01 -2.16941869558779070000E+01 0.00000000000000000000E+00
4.71941665154183810000E+01 -1.65139530977583530000E+01 0.00000000000000000000E+00
4.87463956090911810000E+01 -1.11260466978157200000E+01 0.00000000000000000000E+00
4.96856104946621290000E+01 -5.59822380516539300000E+00 0.00000000000000000000E+00
4.96856104946621290000E+01 5.59822380516539300000E+00 0.00000000000000000000E+00
4.87463956090911810000E+01 1.11260466978157200000E+01 0.00000000000000000000E+00
4.71941665154183810000E+01 1.65139530977583530000E+01 0.00000000000000000000E+00
4.50484433951209550000E+01 2.16941869558779070000E+01 0.00000000000000000000E+00
4.23362099614142120000E+01 2.66016038257668300000E+01 0.00000000000000000000E+00
3.90915741234014930000E+01 3.11744900929366760000E+01 0.00000000000000000000E+00
3.11744900929366790000E+01 3.90915741234014930000E+01 0.00000000000000000000E+00
2.66016038257668300000E+01 4.23362099614142050000E+01 0.00000000000000000000E+00
2.16941869558779100000E+01 4.50484433951209550000E+01 0.00000000000000000000E+00
1.65139530977583570000E+01 4.71941665154183810000E+01 0.00000000000000000000E+00
1.11260466978157220000E+01 4.87463956090911810000E+01 0.00000000000000000000E+00
5.59822380516539560000E+00 4.96856104946621290000E+01 0.00000000000000000000E+00
-5.59822380516540190000E+00 4.96856104946621290000E+01 0.00000000000000000000E+00
-1.11260466978157290000E+01 4.87463956090911810000E+01 0.00000000000000000000E+00
-1.65139530977583640000E+01 4.71941665154183740000E+01 0.00000000000000000000E+00
-2.16941869558779140000E+01 4.50484433951209550000E+01 0.00000000000000000000E+00
-2.66016038257668330000E+01 4.23362099614142050000E+01 0.00000000000000000000E+00
-3.11744900929366860000E+01 3.90915741234014860000E+01 0.00000000000000000000E+00
-3.90915741234014930000E+01 3.11744900929366690000E+01 0.00000000000000000000E+00
-4.23362099614142120000E+01 2.66016038257668230000E+01 0.00000000000000000000E+00
-4.50484433951209550000E+01 2.16941869558779000000E+01 0.00000000000000000000E+00
-4.71941665154183810000E+01 1.65139530977583460000E+01 0.00000000000000000000E+00
-4.87463956090911810000E+01 1.11260466978157130000E+01 0.00000000000000000000E+00
-4.96856104946621290000E+01 5.59822380516538680000E+00 0.00000000000000000000E+00
-4.18166310462337880000E-01 -3.33696913318058230000E-01 0.00000000000000000000E+00
-2.12773093437792480000E+01 1.16124624870546550000E+01 0.00000000000000000000E+00
5.69746529343174490000E+00 2.45360672068553000000E+01 0.00000000000000000000E+00
2.20871954394470540000E+01 -1.18214561596964090000E+01 0.00000000000000000000E+00
-2.12363966168343840000E+01 -1.40712976660314180000E+01 0.00000000000000000000E+00
2.08835926071888260000E+00 -2.50415802302668560000E+01 0.00000000000000000000E+00
2.46649227683396500000E+01 1.17244837631306920000E+01 0.00000000000000000000E+00
-3.31245220495878880000E+01 -2.07891467380389190000E+00 0.00000000000000000000E+00
-1.43004415547348420000E+01 2.84573610827000220000E+01 0.00000000000000000000E+00
1.31816640060508150000E+01 3.31655735682517800000E+01 0.00000000000000000000E+00
3.61304471828775680000E+01 -1.02101155118217510000E+01 0.00000000000000000000E+00
-2.46248784883709780000E+01 -2.75491161055137820000E+01 0.00000000000000000000E+00
2.79828391133624020000E+01 -2.46271108612465750000E+01 0.00000000000000000000E+00
-1.35540577999580200000E+01 -7.93402789537595690000E-01 0.00000000000000000000E+00
-3.35379836881887950000E+01 1.84749098055490220000E+01 0.00000000000000000000E+00
-7.91776190813132620000E+00 1.49793589376327870000E+01 0.00000000000000000000E+00
1.51335621168572240000E+01 -3.39859941202008860000E+01 0.00000000000000000000E+00
-1.09213739503036450000E+01 -3.29665261709676330000E+01 0.00000000000000000000E+00
-2.91724541913112970000E+00 3.62550631384255200000E+01 0.00000000000000000000E+00
2.38364459189727040000E+01 2.50836970375851360000E+01 0.00000000000000000000E+00
3.59732674335571400000E+01 3.34932738623677470000E+00 0.00000000000000000000E+00
1.43945604919128010000E+01 6.01253086460789450000E-01 0.00000000000000000000E+00
-3.44290147342013600000E+01 -1.57209433532440530000E+01 0.00000000000000000000E+00
-6.18770309359266420000E+00 -1.30135080282142880000E+01 0.00000000000000000000E+00
-2.47842292297521280000E+01 2.85233442004412260000E+01 0.00000000000000000000E+00
-3.79487904214988350000E+01 9.16051492038229930000E+00 0.00000000000000000000E+00
3.60506468013346790000E+01 -2.00936003964273300000E+01 0.00000000000000000000E+00
-2.32157189232441080000E+01 1.84605737175935290000E+00 0.00000000000000000000E+00
1.13568158385741140000E+01 4.10925885031109390000E+01 0.00000000000000000000E+00
2.86036003497309430000E+01 -3.20730153609994200000E+01 0.00000000000000000000E+00
-3.16988094319966760000E+01 -2.87064757996086930000E+01 0.00000000000000000000E+00
4.22553035707499660000E+01 -1.22007984140953580000E+01 0.00000000000000000000E+00
-3.88321247034721250000E+01 2.07143786570545000000E+01 0.00000000000000000000E+00
7.54970622137974610000E+00 -1.23653627534472080000E+01 0.00000000000000000000E+00
9.87286643508220330000E+00 1.44586576122977700000E+01 0.00000000000000000000E+00
-1.19756828613641340000E+00 -3.89051423299330640000E+01 0.00000000000000000000E+00
3.41406389125857790000E+01 1.40181010513759860000E+01 0.00000000000000000000E+00
2.55022363474784230000E+01 -1.62338043911351490000E+00 0.00000000000000000000E+00
-1.23126667141706600000E+01 -2.25862021452239680000E+01 0.00000000000000000000E+00
-1.97442329856232490000E+01 3.64856597489849930000E+01 0.00000000000000000000E+00
-4.04815098287018170000E+01 -8.25997538449763980000E+00 0.00000000000000000000E+00
-2.03348786174919600000E+01 2.05537960963328280000E+01 0.00000000000000000000E+00
-4.54239989696910400000E+00 2.42396146400647510000E+01 0.00000000000000000000E+00
-1.95238260687865090000E+01 -3.64378683770470390000E+01 0.00000000000000000000E+00
-1.33116391692259890000E+01 8.41006081948199120000E+00 0.00000000000000000000E+00
-2.71341880027589330000E+01 -8.86436172685741220000E+00 0.00000000000000000000E+00
4.11241328937525030000E+01 -2.87389894248098090000E+00 0.00000000000000000000E+00
2.34792253147934740000E+01 3.39133942114557950000E+01 0.00000000000000000000E+00
5.22429611291682680000E+00 3.57946640025525010000E+01 0.00000000000000000000E+00
-2.94157022870297060000E+01 9.99658604665720670000E+00 0.00000000000000000000E+00
2.14489145327681140000E+01 -2.99017653397122840000E+01 0.00000000000000000000E+00
2.76829146642888770000E+01 -1.71367559764407820000E+01 0.00000000000000000000E+00
-2.86770504169068550000E+01 -2.15267163033193750000E+01 0.00000000000000000000E+00
-1.17693338001839010000E+01 -4.08042879255052070000E+01 0.00000000000000000000E+00
-6.55340416187485620000E+00 -4.45086206493192280000E+00 0.00000000000000000000E+00
-7.73783896843225260000E+00 4.39764464377052560000E+01 0.00000000000000000000E+00
3.35099194109749230000E+01 2.92748839101557510000E+01 0.00000000000000000000E+00
-4.20427901335017040000E+01 2.09479114330726860000E+00 0.00000000000000000000E+00
-3.82169142397109450000E+01 -2.07831039453423050000E+01 0.00000000000000000000E+00
-3.30251011842657080000E+01 2.40037676049686230000E+01 0.00000000000000000000E+00
1.73237719126481120000E+01 -4.04233297471563590000E+01 0.00000000000000000000E+00
3.46333819205158450000E+01 -2.81953681655936170000E+01 0.00000000000000000000E+00
-3.96605893170665950000E+01 1.44352724024580400000E+01 0.00000000000000000000E+00
-2.91868030485505190000E+01 3.30660122447283340000E+01 0.00000000000000000000E+00
8.38449664692768870000E+00 4.48797162785079350000E+01 0.00000000000000000000E+00
-3.09482106514485440000E+01 -3.35035867819122470000E+01 0.00000000000000000000E+00
1.66441054499838440000E+01 4.16812902135831250000E+01 0.00000000000000000000E+00
2.64617328517724570000E+01 -3.65047878028818860000E+01 0.00000000000000000000E+00
4.14288468183741050000E+01 -1.79829478731883090000E+01 0.00000000000000000000E+00
1.15383630464619880000E+01 -2.25580123651131220000E+01 0.00000000000000000000E+00
1.49680649261328970000E+01 2.23515714889330680000E+01 0.00000000000000000000E+00
1.67957630836856180000E+00 1.64383653629432980000E+01 0.00000000000000000000E+00
6.98561566515050010000E+00 5.26804857419437590000E+00 0.00000000000000000000E+00
-5.48717714392912100000E+00 5.93345996111023770000E+00 0.00000000000000000000E+00
-1.38706571761201310000E+01 -8.91616084251083230000E+00 0.00000000000000000000E+00
8.03072674857896550000E+00 -4.03173763347078590000E+01 0.00000000000000000000E+00
-1.12945978765303320000E+01 3.59815578800362270000E+01 0.00000000000000000000E+00
6.50267193391604210000E-01 -1.57394387261482030000E+01 0.00000000000000000000E+00
4.07048408041410140000E+01 9.64084541371870250000E+00 0.00000000000000000000E+00
-2.12737787418599390000E+01 -3.57856465765151910000E+00 0.00000000000000000000E+00
-4.05627297455854660000E+00 -3.09793544642988650000E+01 0.00000000000000000000E+00
-1.81657507165580550000E+01 -2.84958998774036230000E+01 0.00000000000000000000E+00
-1.24415957616655210000E+01 2.06637837298845670000E+01 0.00000000000000000000E+00
2.07784019618747850000E+01 5.04614091304400160000E+00 0.00000000000000000000E+00
1.46220979661778920000E+01 -7.35745999558755410000E+00 0.00000000000000000000E+00
7.23532685223892450000E+00 -3.74709047469313460000E+00 0.00000000000000000000E+00
4.29169906198292760000E-01 -8.33877666048596740000E+00 0.00000000000000000000E+00
2.95745091658731600000E+01 1.00084257633336640000E+01 0.00000000000000000000E+00
3.36207616851582930000E+01 -3.56139978554954340000E+00 0.00000000000000000000E+00
2.74959077286653900000E+01 1.78677482479754380000E+01 0.00000000000000000000E+00
-3.08391071812692430000E-01 4.25146115959616250000E+01 0.00000000000000000000E+00
-2.56315220900927300000E+01 2.01894061306797600000E+01 0.00000000000000000000E+00
-2.43106851815734040000E+00 3.06287564617594010000E+01 0.00000000000000000000E+00
3.07495021250695510000E+01 -9.60764444829592710000E+00 0.00000000000000000000E+00
-2.10965105935444650000E+01 -2.24908410742735820000E+01 0.00000000000000000000E+00
-4.63630902255104700000E+00 -4.10936679464074930000E+01 0.00000000000000000000E+00
3.62536499589398250000E+01 2.36561643171168110000E+01 0.00000000000000000000E+00
-3.92694497528632310000E+01 -1.42437746644415600000E+01 0.00000000000000000000E+00
-3.33647759883863270000E+01 -9.07380704552334190000E+00 0.00000000000000000000E+00
-2.61283235626988810000E+01 -1.34741424059887560000E+01 0.00000000000000000000E+00
4.44455749044832370000E+01 2.11142118944413730000E+00 0.00000000000000000000E+00
-1.96968131752354300000E+01 2.59738793051502160000E+01 0.00000000000000000000E+00
-1.71141570551059490000E+01 4.16570886566329510000E+01 0.00000000000000000000E+00
-1.86727968315164470000E+01 6.45712208170778280000E+00 0.00000000000000000000E+00
2.08197063239146660000E+01 -3.49098103434005150000E+01 0.00000000000000000000E+00
-4.27663991470270730000E+01 1.01424335046053500000E+01 0.00000000000000000000E+00
-3.65738340752733040000E+01 3.44319907250066710000E+00 0.00000000000000000000E+00
-3.42181649753339270000E+01 1.31667547128870690000E+01 0.00000000000000000000E+00
-2.96728381207974440000E+01 3.58014706776924680000E+00 0.00000000000000000000E+00
-4.46828729295954260000E+01 -2.87812888642007620000E+00 0.00000000000000000000E+00
-1.69646517936382710000E+01 -4.16258800278435430000E+01 0.00000000000000000000E+00
2.95437492968285650000E+01 3.41298216961320550000E+01 0.00000000000000000000E+00
-2.56075162637704850000E+01 -3.61936151820395720000E+01 0.00000000000000000000E+00
-3.64582988734519020000E+01 -2.70685168796499800000E+01 0.00000000000000000000E+00
-3.39864622146107180000E+01 2.96680610471305610000E+01 0.00000000000000000000E+00
4.46443613487827160000E+01 -6.99657570388221830000E+00 0.00000000000000000000E+00
-2.37534273807366030000E+01 3.33410519811965860000E+01 0.00000000000000000000E+00
3.75916713996397080000E+01 -1.50958213701670910000E+01 0.00000000000000000000E+00
-3.74580976058422980000E+01 2.64365554115319480000E+01 0.00000000000000000000E+00
3.75675224354480830000E+01 -2.54699342041126440000E+01 0.00000000000000000000E+00
3.03465278007559470000E+01 -2.03423687558476480000E+01 0.00000000000000000000E+00
1.79827648035095680000E+01 3.62352764575806960000E+01 0.00000000000000000000E+00
6.51300760803362970000E+00 4.04277879109769460000E+01 0.00000000000000000000E+00
-3.27177696794427750000E+01 -1.97745667568140600000E+01 0.00000000000000000000E+00
-2.71508767092076650000E+01 -3.05141477700881150000E+01 0.00000000000000000000E+00
-4.30034376308290550000E+01 1.74440080067149030000E+01 0.00000000000000000000E+00
3.31842745847238090000E+01 -3.16563735547992490000E+01 0.00000000000000000000E+00
2.59874488851394540000E+01 -2.87419091949378290000E+01 0.00000000000000000000E+00
-2.82484080158629640000E+01 -2.60093196376345190000E+01 0.00000000000000000000E+00
1.28207846417629980000E+01 4.47263118136682390000E+01 0.00000000000000000000E+00
3.09456549025262580000E+01 -3.49293700541427940000E+01 0.00000000000000000000E+00
-3.47114296331685710000E+01 -3.11618379644655870000E+01 0.00000000000000000000E+00
-4.62979741696800390000E+01 2.19001740965095150000E+00 0.00000000000000000000E+00
6.77823980909285950000E+00 -3.09645031080793170000E+01 0.00000000000000000000E+00
2.03661327257865280000E+01 -2.08449532377747140000E+01 0.00000000000000000000E+00
1.86516097086839350000E+01 1.59881393962786160000E+01 0.00000000000000000000E+00
-4.18656516663321550000E+00 -2.07539924509758580000E+01 0.00000000000000000000E+00
1.48382269939243230000E+01 -1.52641615843556960000E+01 0.00000000000000000000E+00
1.90413425452347270000E+01 2.61328821650731410000E+01 0.00000000000000000000E+00
-1.50500482549555840000E+01 1.52751003358482510000E+01 0.00000000000000000000E+00
9.40540378952469070000E+00 2.89896119536742380000E+01 0.00000000000000000000E+00
1.47243006957920100000E+01 8.26517837981565510000E+00 0.00000000000000000000E+00
9.43882931211354940000E+00 1.99322657350464110000E+01 0.00000000000000000000E+00
2.44689973378417710000E+00 -4.34468162495553610000E+01 0.00000000000000000000E+00
-2.87919393919346440000E+01 1.57888330302173580000E+01 0.00000000000000000000E+00
-1.31378474026957740000E+01 -1.73508941845122920000E+01 0.00000000000000000000E+00
2.01388004470959420000E+01 -6.15076130623563170000E+00 0.00000000000000000000E+00
-8.36587499584911500000E+00 -2.78827342364181130000E+01 0.00000000000000000000E+00
4.21995094078977150000E+01 1.73251077985363260000E+01 0.00000000000000000000E+00
5.59942034561501270000E-01 5.19918233319131850000E+00 0.00000000000000000000E+00
-8.57374323287746880000E+00 8.08349277518314980000E-01 0.00000000000000000000E+00
6.27009909597459460000E+00 -2.22528475384287710000E+01 0.00000000000000000000E+00
-8.36947444854824240000E+00 2.89067804847145310000E+01 0.00000000000000000000E+00
2.77673195576018370000E+01 4.02415004361408090000E+00 0.00000000000000000000E+00
-2.70655941715568030000E+01 -3.33211596902783970000E+00 0.00000000000000000000E+00
-2.65749181869008800000E+00 1.17022250158517910000E+01 0.00000000000000000000E+00
-5.95382907248247230000E+00 -3.59815663416556860000E+01 0.00000000000000000000E+00
2.93753207594946770000E+01 2.35891454227543310000E+01 0.00000000000000000000E+00
7.93572014640146590000E-01 2.15543109966454840000E+01 0.00000000000000000000E+00
-3.87299361816547150000E+01 -2.40706177998897040000E+00 0.00000000000000000000E+00
1.22122308668406150000E+01 -4.34015308400660520000E+01 0.00000000000000000000E+00
-1.94493422148738200000E+01 -8.89786392513802580000E+00 0.00000000000000000000E+00
4.45851719539491570000E+01 7.77984141667670760000E+00 0.00000000000000000000E+00
-1.18770959937930770000E+01 4.03400325195862810000E+01 0.00000000000000000000E+00
2.21840278915335780000E+01 3.95229190813050410000E+01 0.00000000000000000000E+00
3.59640606058304680000E+01 8.76417351650366250000E+00 0.00000000000000000000E+00
2.25651842972692690000E+01 -3.98383024559757360000E+01 0.00000000000000000000E+00
-2.18148366446779890000E+01 -3.11261192802603230000E+01 0.00000000000000000000E+00
-3.35718621360626130000E+01 7.82994145389753800000E+00 0.00000000000000000000E+00
-2.46500334311234150000E+01 7.59259314030878850000E+00 0.00000000000000000000E+00
-1.78067381610388540000E+01 5.01709161482468140000E-01 0.00000000000000000000E+00
-2.54346934180064430000E+01 3.74897563569549350000E+01 0.00000000000000000000E+00
-2.41862088029045100000E+01 -1.87580296527111230000E+01 0.00000000000000000000E+00
-1.42960359826577560000E+01 -3.69416262254582580000E+01 0.00000000000000000000E+00
-1.51874529613595170000E+01 3.36251378919494850000E+01 0.00000000000000000000E+00
-4.55217690157159680000E+01 -8.09015374023846690000E+00 0.00000000000000000000E+00
-3.56878151325436120000E+01 -1.09473558296379440000E+01 0.00000000000000000000E+00
-8.49061414966310220000E+00 1.99137412943143810000E+01 0.00000000000000000000E+00
4.59711471755204500000E+01 -2.67039584764378320000E+00 0.00000000000000000000E+00
-2.21186018231620450000E+01 4.06013318163641440000E+01 0.00000000000000000000E+00
3.21945708504577080000E+01 -1.50547997139678160000E+01 0.00000000000000000000E+00
-1.55045976381593620000E+01 2.31388826694328170000E+01 0.00000000000000000000E+00
-2.31999233088241620000E+00 4.52784680035447520000E+01 0.00000000000000000000E+00
2.73945341978571050000E+01 1.39396240507084990000E+01 0.00000000000000000000E+00
-1.60041492678580010000E+00 -1.24618647613607720000E+01 0.00000000000000000000E+00
-2.20754869829317750000E+01 -4.03327549292525160000E+01 0.00000000000000000000E+00
-2.36560971458220660000E+01 2.39190972049696740000E+01 0.00000000000000000000E+00
-8.60803768486585420000E+00 9.96871037046584970000E+00 0.00000000000000000000E+00
-1.36769075356821190000E+01 3.52669751420700450000E+00 0.00000000000000000000E+00
-1.13057039381123000000E+01 -4.42095367879555300000E+00 0.00000000000000000000E+00
3.67748134287656900000E+01 -5.33147489440219240000E+00 0.00000000000000000000E+00
1.35342909320864610000E+00 3.92804834205985570000E+01 0.00000000000000000000E+00
-3.26742643768011550000E+01 -2.39803089114246680000E+01 0.00000000000000000000E+00
2.66089078222419740000E+01 3.78140527675818210000E+01 0.00000000000000000000E+00
9.77756459114623590000E+00 3.69182096288143170000E+01 0.00000000000000000000E+00
2.70481418780943560000E+01 2.92225380815739020000E+01 0.00000000000000000000E+00
3.96127646496927350000E+01 1.40063885767383180000E+00 0.00000000000000000000E+00
-2.90528747168966240000E+00 -4.51282402871860950000E+01 0.00000000000000000000E+00
3.78056204677904830000E+01 2.76845574150870170000E+01 0.00000000000000000000E+00
-2.35440395718076590000E+01 -1.05004764410769230000E+01 0.00000000000000000000E+00
-3.10822213272731250000E+01 -1.17097597094256030000E+01 0.00000000000000000000E+00
-8.14605546389510590000E+00 -4.42945225025274710000E+01 0.00000000000000000000E+00
9.54184028157820840000E+00 6.26403945784695050000E-01 0.00000000000000000000E+00
5.07210703884711570000E+00 -8.11321594693477440000E+00 0.00000000000000000000E+00
3.00922491495346560000E+01 -4.85604168653472000000E+00 0.00000000000000000000E+00
1.08953459877255180000E+00 3.44924899503559100000E+01 0.00000000000000000000E+00
9.83084314559166120000E+00 -7.84259686417258180000E+00 0.00000000000000000000E+00
-1.95791165210996500000E+01 3.10820443358977240000E+01 0.00000000000000000000E+00
-8.87622444089698530000E+00 -8.78904446077588550000E+00 0.00000000000000000000E+00
-2.07915217115133320000E+00 -4.49881529615434680000E+00 0.00000000000000000000E+00
2.77061320936616800000E+00 4.45783269319784590000E+01 0.00000000000000000000E+00
-4.27497023426101780000E+01 -1.71618888970300570000E+01 0.00000000000000000000E+00
2.46355915969211810000E+01 -3.24130486677305360000E+01 0.00000000000000000000E+00
-3.65647053901244590000E+01 1.66777859077001120000E+01 0.00000000000000000000E+00
4.04821703384409520000E+01 -2.23577808031536160000E+01 0.00000000000000000000E+00
-2.97639562783671070000E+01 2.79134509807196380000E+01 0.00000000000000000000E+00
1.83675649756875040000E+01 -3.13832264229501980000E+01 0.00000000000000000000E+00
-1.74435557438929720000E+01 -2.45198892663680080000E+01 0.00000000000000000000E+00
1.24368273255979390000E+01 -3.86425711997140550000E+01 0.00000000000000000000E+00
1.38198863620776860000E+01 3.78426385570156040000E+01 0.00000000000000000000E+00
-4.50721302983026320000E+01 6.20079466327183140000E+00 0.00000000000000000000E+00
2.69980323499990540000E+01 -1.29998054703436380000E+01 0.00000000000000000000E+00
-2.95442205983707740000E+01 -1.68366521829421490000E+01 0.00000000000000000000E+00
-4.42752796172564160000E+01 1.39171508960178500000E+01 0.00000000000000000000E+00
3.28398545143838870000E+01 -2.44787233887171110000E+01 0.00000000000000000000E+00
-1.29016815482164930000E+01 -4.45447289880217310000E+01 0.00000000000000000000E+00
-7.34033981797054750000E+00 3.85244705078111240000E+01 0.00000000000000000000E+00
-2.77815027169950180000E+01 2.42053675094954210000E+01 0.00000000000000000000E+00
3.05228667463111800000E+01 -2.82766341252463460000E+01 0.00000000000000000000E+00
-4.08832494572908590000E+01 6.17310890065449240000E+00 0.00000000000000000000E+00
2.01999425160785400000E+01 2.10907314692590900000E+01 0.00000000000000000000E+00
9.54784114667263670000E+00 -2.67135389083836790000E+01 0.00000000000000000000E+00
4.70907391353297820000E+00 1.12383668371722900000E+01 0.00000000000000000000E+00
1.62020839149117750000E+01 -2.67837060595161030000E+01 0.00000000000000000000E+00
-2.84137670675948730000E+00 -2.54519966529066760000E+01 0.00000000000000000000E+00
1.03820419043900200000E+01 -1.72686392353348490000E+01 0.00000000000000000000E+00
2.35554051196290860000E+01 -1.65790567372298840000E+01 0.00000000000000000000E+00
1.43113842669941440000E+01 2.77762378457838640000E+01 0.00000000000000000000E+00
1.96210382259127700000E+01 3.22177616487467180000E-01 0.00000000000000000000E+00
1.95811958083708470000E+01 9.95108836414640230000E+00 0.00000000000000000000E+00
-8.19004841783314140000E+00 -1.81176097137450080000E+01 0.00000000000000000000E+00
-2.33951665991208590000E+01 1.60117685961463930000E+01 0.00000000000000000000E+00
1.07639329562126380000E+01 2.47298835102809350000E+01 0.00000000000000000000E+00
4.03263426035996010000E+00 3.05448697765840860000E+01 0.00000000000000000000E+00
3.16137003529764410000E+01 2.13036939051195200000E-01 0.00000000000000000000E+00
4.40794237301178970000E+00 4.84114062498866460000E-01 0.00000000000000000000E+00
-1.05955061895271520000E+01 2.42383368631105220000E+01 0.00000000000000000000E+00
1.40609833751739490000E+01 1.74175648910933450000E+01 0.00000000000000000000E+00
1.36663390023215460000E+00 -3.00239164847108030000E+01 0.00000000000000000000E+00
7.88343848623976130000E+00 -4.51187355229867180000E+01 0.00000000000000000000E+00
-1.65697496995429320000E+01 1.17430506453054150000E+01 0.00000000000000000000E+00
-1.62416973309755370000E+01 -4.36713948422361310000E+00 0.00000000000000000000E+00
-3.52072735612317130000E+00 1.81391132226036440000E+01 0.00000000000000000000E+00
1.19791657179844240000E+01 -3.51043058725549530000E+00 0.00000000000000000000E+00
4.72504069567976790000E+00 1.97440281528406060000E+01 0.00000000000000000000E+00
4.02039713674647890000E+01 5.51743752005268730000E+00 0.00000000000000000000E+00
-4.14917993582189390000E+00 -8.59074519867836980000E+00 0.00000000000000000000E+00
2.81300407610612830000E+00 -1.22955816285481760000E+01 0.00000000000000000000E+00
4.37456484030613740000E+01 1.26448766260726320000E+01 0.00000000000000000000E+00
-4.25810363909103270000E+00 -1.26043537787554880000E+00 0.00000000000000000000E+00
4.06692773104303380000E+01 2.14883772505159170000E+01 0.00000000000000000000E+00
9.56224088181876120000E+00 -3.51291733119390700000E+01 0.00000000000000000000E+00
-3.17396530592102750000E+00 -1.67592621885365640000E+01 0.00000000000000000000E+00
-9.95181533817269680000E+00 5.74565447383872470000E+00 0.00000000000000000000E+00
1.53565235526309520000E+01 -1.97729934129784550000E+01 0.00000000000000000000E+00
2.28790224593177140000E+01 -2.52652610893621380000E+01 0.00000000000000000000E+00
-2.12895533174857730000E+01 -2.63251118085749280000E+01 0.00000000000000000000E+00
1.24085935656734300000E+01 -1.19216440355389800000E+01 0.00000000000000000000E+00
-1.64303255723320380000E+01 -3.23606504899992230000E+01 0.00000000000000000000E+00
-4.39980367516402920000E+01 -1.25684453886735830000E+01 0.00000000000000000000E+00
-1.28639845465314460000E+01 4.43745625283284040000E+01 0.00000000000000000000E+00
7.22248773485940410000E-01 2.62934155352116540000E+01 0.00000000000000000000E+00
2.23934832188755590000E+01 2.91350963284898870000E+01 0.00000000000000000000E+00
3.25129508205507350000E+01 1.87236764010773980000E+01 0.00000000000000000000E+00
-1.39303622248471280000E+01 -2.81421259153303080000E+01 0.00000000000000000000E+00
-1.55786837618288440000E+00 -4.21648832363375800000E+01 0.00000000000000000000E+00
-1.61321535940644090000E+01 -1.36186364586572640000E+01 0.00000000000000000000E+00
2.58966075442690420000E+01 -7.84459478789462140000E+00 0.00000000000000000000E+00
-7.23481321234372030000E+00 3.37283807047209120000E+01 0.00000000000000000000E+00
4.97469657122885430000E-01 -2.04029342640569030000E+01 0.00000000000000000000E+00
3.34280997702426960000E+01 -6.71046069307327820000E+00 0.00000000000000000000E+00
2.45693375631106960000E+00 -4.08603509330227150000E+00 0.00000000000000000000E+00
1.21695744635677960000E+01 4.79145529735944550000E+00 0.00000000000000000000E+00
1.84244598405661260000E+01 3.11014510935653870000E+01 0.00000000000000000000E+00
-3.12123413823946120000E+01 -6.96716120014521590000E+00 0.00000000000000000000E+00
-1.22495543208243930000E+01 1.29373442105322610000E+01 0.00000000000000000000E+00
1.71616384857647230000E+01 -1.14134582936416960000E+01 0.00000000000000000000E+00
3.67803830491468230000E+00 -3.61845046926567870000E+01 0.00000000000000000000E+00
3.90414987347674230000E+01 1.34343467518626430000E+01 0.00000000000000000000E+00
4.01595974500906790000E+01 -7.51936805417858700000E+00 0.00000000000000000000E+00
-2.37096288824618710000E+01 -7.06363704319103470000E+00 0.00000000000000000000E+00
-1.50300309690959950000E+01 3.76079914136984930000E+01 0.00000000000000000000E+00
-8.13332872507123380000E+00 -3.99322838574736490000E+01 0.00000000000000000000E+00
-2.97625556629156800000E+01 2.05429958356523380000E+01 0.00000000000000000000E+00
3.64201680929939830000E+01 -1.13061638908731070000E+00 0.00000000000000000000E+00
-2.55219205769172850000E+01 1.21883905246879000000E+01 0.00000000000000000000E+00
-3.17612273335232940000E+00 4.09591613725601110000E+01 0.00000000000000000000E+00
-1.79352032601082460000E+01 -1.90650755514374420000E+01 0.00000000000000000000E+00
-7.32095525445630100000E+00 -3.19737483937134070000E+01 0.00000000000000000000E+00
-1.23037423494629740000E+00 -3.44355526459381950000E+01 0.00000000000000000000E+00
-1.02078366911630420000E+01 -3.73514332974596430000E+01 0.00000000000000000000E+00
-1.12536444457572800000E+01 3.21373674611905930000E+01 0.00000000000000000000E+00
2.49665880939950750000E+01 1.50516202998241030000E+01 0.00000000000000000000E+00
3.02346640739564980000E+01 1.49362502499477530000E+01 0.00000000000000000000E+00
8.35389649311985850000E+00 3.30950031496867330000E+01 0.00000000000000000000E+00
2.43100248779742250000E+01 7.28327628261482740000E+00 0.00000000000000000000E+00
1.68712046025630720000E+01 4.79649191563983200000E+00 0.00000000000000000000E+00
-2.46796379478569890000E+01 -2.37776443547833590000E+01 0.00000000000000000000E+00
-3.54426427912143250000E+01 -6.63523800347082830000E+00 0.00000000000000000000E+00
6.07082491436954360000E+00 1.63405712502852120000E+01 0.00000000000000000000E+00
1.61553657917090660000E+01 -3.24036099115030130000E+00 0.00000000000000000000E+00
-1.10813022230030920000E+01 -1.33123631868181200000E+01 0.00000000000000000000E+00
1.04940562897490610000E+01 9.39814074251139610000E+00 0.00000000000000000000E+00
3.21593181795845810000E+01 5.27946656781030120000E+00 0.00000000000000000000E+00
2.54470414185623210000E+01 -2.07822544462752000000E+01 0.00000000000000000000E+00
4.69952939456499590000E+00 -1.67280576907974310000E+01 0.00000000000000000000E+00
1.88827261050886900000E+01 -1.59451841413531900000E+01 0.00000000000000000000E+00
-3.63846777060730360000E+00 2.08612422903228060000E+00 0.00000000000000000000E+00
1.45508809349560920000E+01 1.25584237913142280000E+01 0.00000000000000000000E+00
1.14208782640341940000E+01 -3.07103239363003480000E+01 0.00000000000000000000E+00
-7.18475582584293180000E+00 -2.29707346540535230000E+01 0.00000000000000000000E+00
-1.87314763135401850000E+01 1.56810992056069570000E+01 0.00000000000000000000E+00
3.74788630652760380000E+01 1.81239497048360360000E+01 0.00000000000000000000E+00
5.19716407442706970000E+00 -2.70088127375118750000E+01 0.00000000000000000000E+00
1.69653058473163160000E+01 1.92299426243723170000E+01 0.00000000000000000000E+00
2.21832725409410970000E+01 1.40632924099289520000E+01 0.00000000000000000000E+00
2.48138576443054430000E+01 2.10742841177896630000E+01 0.00000000000000000000E+00
-1.19727273468245330000E+01 1.71167637645344750000E+01 0.00000000000000000000E+00
2.35763848803779790000E+01 2.99443471805459980000E+00 0.00000000000000000000E+00
2.30607349454962960000E+01 1.75501622973808970000E+01 0.00000000000000000000E+00
-1.56758919784644970000E+01 1.87694386190475980000E+01 0.00000000000000000000E+00

CELLS 716 2864
3 55 0 188
3 161 54 276
3 19 1 253
3 43 3 266
3 13 4 187
3 31 2 234
3 25 5 186
3 168 15 241
3 49 7 119
3 181 53 279
3 0 8 165
3 165 8 231
3 120 43 266
3 8 9 231
3 231 9 325
3 11 12 114
3 114 12 169
3 169 13 187
3 4 14 121
3 121 14 168
3 16 17 166
3 166 17 281
3 17 18 281
3 18 19 257
3 1 20 199
3 199 20 305
3 22 23 116
3 116 23 222
3 123 25 186
3 5 26 182
3 117 26 175
3 28 29 124
3 37 6 112
3 29 30 87
3 87 30 171
3 171 31 234
3 156 32 218
3 218 33 314
3 33 34 314
3 34 35 204
3 204 35 316
3 152 36 254
3 112 6 167
3 167 38 249
3 23 24 222
3 39 40 220
3 178 120 266
3 44 45 111
3 111 45 326
3 45 46 326
3 158 47 235
3 47 48 235
3 48 49 227
3 119 7 170
3 51 52 88
3 88 52 181
3 52 53 181
3 26 27 175
3 205 56 301
3 170 50 174
3 122 41 185
3 301 56 337
3 258 128 301
3 202 59 333
3 30 31 171
3 155 60 255
3 41 42 185
3 214 58 327
3 159 57 225
3 206 69 245
3 53 54 279
3 143 62 361
3 196 58 298
3 213 75 382
3 6 38 167
3 296 79 367
3 20 21 305
3 226 69 244
3 280 68 284
3 292 59 372
3 225 57 351
3 184 67 363
3 164 83 225
3 46 47 158
3 230 64 357
3 297 57 377
3 207 61 379
3 175 27 270
3 290 61 335
3 116 72 274
3 208 64 302
3 42 43 120
3 198 58 310
3 40 41 122
3 194 75 328
3 277 59 292
3 295 139 361
3 173 66 236
3 164 63 210
3 14 15 168
3 332 60 353
3 264 79 312
3 115 70 349
3 54 55 276
3 240 79 318
3 340 63 364
3 2 32 156
3 87 66 173
3 135 83 210
3 283 115 349
3 243 71 341
3 177 65 339
3 321 68 370
3 183 68 321
3 15 16 241
3 228 108 363
3 149 66 336
3 176 82 236
3 88 70 115
3 163 105 200
3 338 77 362
3 294 77 366
3 328 103 339
3 233 71 308
3 317 72 375
3 229 73 324
3 38 39 249
3 300 76 369
3 221 76 311
3 262 140 309
3 223 137 322
3 262 89 323
3 157 64 263
3 242 80 283
3 256 78 278
3 162 63 164
3 211 71 243
3 119 80 172
3 247 74 261
3 306 100 341
3 212 73 356
3 229 109 356
3 245 69 307
3 157 97 237
3 210 101 346
3 153 78 232
3 252 76 350
3 246 144 336
3 196 65 360
3 295 62 381
3 282 74 352
3 250 65 275
3 118 81 163
3 163 81 224
3 24 25 123
3 212 91 355
3 272 106 289
3 176 68 280
3 12 13 169
3 232 78 256
3 203 73 354
3 223 99 324
3 273 94 353
3 243 100 319
3 148 74 334
3 227 95 235
3 143 92 359
3 167 103 251
3 9 10 325
3 153 96 325
3 114 78 153
3 121 86 187
3 158 95 347
3 50 51 174
3 216 116 274
3 182 85 186
3 27 28 270
3 183 85 284
3 162 81 285
3 163 70 269
3 172 80 263
3 7 50 170
3 178 104 250
3 238 111 352
3 180 67 184
3 168 99 223
3 120 84 185
3 122 84 275
3 123 85 268
3 176 107 370
3 124 87 173
3 29 87 124
3 265 110 312
3 160 106 272
3 288 90 365
3 194 126 286
3 265 56 315
3 148 98 327
3 303 90 374
3 206 110 315
3 295 191 374
3 310 127 365
3 159 83 226
3 245 130 264
3 304 189 379
3 21 22 216
3 233 98 302
3 282 132 334
3 291 89 371
3 274 72 317
3 35 36 316
3 246 102 350
3 210 63 340
3 217 60 332
3 304 136 355
3 240 142 312
3 296 94 376
3 324 73 330
3 214 98 308
3 341 71 383
3 198 90 303
3 209 93 300
3 202 93 294
3 259 89 262
3 258 77 338
3 202 140 342
3 313 133 371
3 240 133 313
3 329 92 378
3 294 93 384
3 209 143 361
3 246 66 345
3 239 145 358
3 239 143 359
3 3 44 238
3 250 104 360
3 237 97 386
3 271 115 283
3 177 122 275
3 247 146 352
3 68 176 370
3 260 149 336
3 217 135 346
3 203 94 330
3 151 91 212
3 348 212 356
3 36 37 254
3 152 112 213
3 215 96 364
3 10 11 267
3 165 96 215
3 155 101 256
3 169 86 248
3 179 108 278
3 218 134 311
3 32 33 218
3 157 80 242
3 147 97 242
3 334 132 357
3 219 132 282
3 200 105 351
3 206 129 319
3 72 116 160
3 160 116 222
3 165 113 188
3 81 118 161
3 135 210 346
3 276 113 285
3 164 105 224
3 70 88 269
3 83 159 225
3 81 162 224
3 162 113 215
3 232 154 364
3 166 109 229
3 257 109 281
3 220 103 249
3 213 112 251
3 166 99 241
3 184 108 248
3 179 114 248
3 78 114 179
3 51 88 174
3 170 115 271
3 66 87 345
3 156 102 234
3 172 95 227
3 230 95 263
3 236 149 277
3 82 124 173
3 88 115 174
3 115 170 174
3 66 149 236
3 124 82 270
3 175 82 280
3 182 117 284
3 112 167 251
3 177 103 220
3 84 120 178
3 238 146 266
3 228 155 278
3 114 169 248
3 86 121 180
3 121 168 180
3 118 88 181
3 161 118 279
3 85 182 284
3 26 117 182
3 183 106 268
3 160 123 268
3 273 150 322
3 86 180 184
3 42 120 185
3 84 122 185
3 85 123 186
3 5 182 186
3 4 121 187
3 86 169 187
3 188 113 276
3 0 165 188
3 199 131 343
3 290 136 304
3 207 125 291
3 289 106 321
3 288 128 368
3 358 145 385
3 318 192 335
3 212 136 354
3 323 193 342
3 291 125 320
3 214 127 310
3 103 177 339
3 159 100 306
3 383 138 386
3 74 148 261
3 198 126 298
3 294 139 362
3 295 197 362
3 286 126 380
3 293 196 298
3 22 116 216
3 199 91 331
3 97 147 297
3 70 163 200
3 228 150 353
3 201 94 296
3 309 140 366
3 260 93 333
3 67 223 322
3 203 136 290
3 221 134 344
3 316 152 378
3 259 141 337
3 205 128 288
3 217 130 307
3 315 56 373
3 289 190 320
3 259 142 313
3 237 138 302
3 98 148 208
3 221 143 369
3 260 144 300
3 256 101 340
3 83 164 210
3 233 138 383
3 129 205 211
3 136 212 355
3 257 151 348
3 286 191 385
3 213 145 329
3 211 127 308
3 299 148 327
3 63 162 215
3 113 165 215
3 317 189 343
3 216 131 305
3 226 135 307
3 264 130 367
3 314 204 344
3 300 144 350
3 80 157 263
3 219 111 326
3 40 122 220
3 122 177 220
3 252 156 311
3 92 143 221
3 24 123 222
3 123 160 222
3 180 168 223
3 67 180 223
3 105 163 224
3 162 164 224
3 105 164 225
3 297 200 351
3 83 135 226
3 100 159 244
3 49 119 227
3 119 172 227
3 60 155 228
3 322 150 363
3 273 137 330
3 99 166 229
3 230 132 347
3 219 158 347
3 267 153 325
3 96 165 231
3 96 153 232
3 63 215 364
3 98 208 302
3 71 211 308
3 2 156 234
3 102 171 234
3 95 158 235
3 48 227 235
3 82 173 236
3 107 176 236
3 377 195 386
3 64 157 237
3 44 111 238
3 146 238 352
3 62 143 239
3 329 145 359
3 258 141 309
3 296 192 318
3 16 166 241
3 99 168 241
3 200 147 349
3 97 157 242
3 244 206 319
3 129 211 243
3 69 206 244
3 159 226 244
3 110 206 245
3 135 217 307
3 102 156 252
3 171 102 345
3 247 178 266
3 104 178 247
3 108 179 248
3 86 184 248
3 103 167 249
3 39 220 249
3 84 178 250
3 299 196 360
3 251 103 328
3 75 213 251
3 156 218 311
3 144 246 350
3 91 151 331
3 1 199 253
3 37 112 254
3 112 152 254
3 101 155 255
3 60 217 255
3 78 179 278
3 154 232 256
3 253 151 257
3 19 253 257
3 265 142 337
3 338 197 368
3 142 259 337
3 142 240 313
3 277 149 333
3 93 202 333
3 261 148 299
3 104 247 261
3 291 193 323
3 141 259 262
3 95 172 263
3 64 230 263
3 332 201 367
3 110 245 264
3 79 240 312
3 205 129 373
3 3 238 266
3 146 247 266
3 11 114 267
3 114 153 267
3 106 160 268
3 85 183 268
3 88 118 269
3 118 163 269
3 28 124 270
3 82 175 270
3 80 119 271
3 119 170 271
3 106 183 321
3 72 160 272
3 94 201 353
3 73 203 330
3 287 189 375
3 131 216 274
3 65 177 275
3 84 250 275
3 81 161 285
3 55 188 276
3 320 190 372
3 107 236 277
3 108 228 278
3 155 256 278
3 54 161 279
3 118 181 279
3 117 175 280
3 82 176 280
3 109 166 281
3 18 257 281
3 208 148 334
3 111 219 282
3 147 242 283
3 80 271 283
3 68 183 284
3 117 280 284
3 113 162 285
3 161 276 285
3 303 191 380
3 75 194 286
3 287 207 379
3 125 207 287
3 211 205 288
3 127 211 288
3 72 272 289
3 125 287 289
3 61 207 335
3 290 192 376
3 125 289 320
3 335 207 371
3 59 202 342
3 107 277 292
3 126 194 293
3 65 196 293
3 361 139 384
3 140 202 366
3 382 286 385
3 368 197 374
3 94 203 376
3 79 264 367
3 306 195 377
3 147 200 297
3 58 198 298
3 126 293 298
3 58 196 299
3 104 261 299
3 143 209 369
3 93 260 300
3 128 205 301
3 141 258 301
3 138 233 302
3 64 237 302
3 197 295 374
3 126 198 303
3 91 199 343
3 61 290 304
3 131 199 305
3 21 216 305
3 57 159 306
3 138 237 386
3 69 226 307
3 130 245 307
3 127 214 308
3 98 233 308
3 77 258 309
3 141 262 309
3 90 198 365
3 58 214 310
3 134 221 311
3 76 252 311
3 110 264 312
3 142 265 312
3 89 259 313
3 207 291 371
3 34 204 314
3 134 218 314
3 56 205 373
3 110 265 315
3 36 152 316
3 344 204 378
3 131 274 317
3 289 287 375
3 133 240 318
3 79 296 318
3 129 243 319
3 100 244 319
3 193 291 320
3 342 193 372
3 292 190 370
3 190 289 321
3 108 184 363
3 137 273 322
3 140 262 323
3 89 291 323
3 137 223 324
3 99 229 324
3 96 231 325
3 10 267 325
3 46 158 326
3 158 219 326
3 98 214 327
3 58 299 327
3 293 194 339
3 75 251 328
3 204 316 378
3 152 213 329
3 94 273 330
3 137 324 330
3 253 199 331
3 151 253 331
3 60 228 353
3 130 217 332
3 149 260 333
3 59 277 333
3 64 208 357
3 74 282 334
3 192 290 335
3 133 318 335
3 66 246 336
3 144 260 336
3 56 265 337
3 141 301 337
3 77 294 362
3 128 258 338
3 65 293 339
3 194 328 339
3 101 210 340
3 154 256 340
3 100 243 341
3 195 306 341
3 190 292 372
3 140 323 342
3 189 304 343
3 131 317 343
3 92 221 344
3 134 314 344
3 87 171 345
3 102 246 345
3 255 217 346
3 101 255 346
3 132 219 347
3 95 230 347
3 151 212 348
3 109 257 348
3 70 200 349
3 147 283 349
3 102 252 350
3 76 300 350
3 105 225 351
3 57 297 351
3 74 247 352
3 111 282 352
3 150 273 353
3 201 332 353
3 136 203 354
3 73 212 354
3 343 304 355
3 91 343 355
3 73 229 356
3 109 348 356
3 132 230 357
3 208 334 357
3 62 239 358
3 381 358 385
3 145 239 359
3 92 329 359
3 65 250 360
3 104 299 360
3 93 209 384
3 62 295 361
3 139 295 362
3 197 338 362
3 150 228 363
3 67 322 363
3 96 232 364
3 154 340 364
3 127 288 365
3 198 310 365
3 202 294 366
3 77 309 366
3 201 296 367
3 130 332 367
3 90 288 368
3 128 338 368
3 76 221 369
3 209 300 369
3 107 292 370
3 190 321 370
3 89 313 371
3 133 335 371
3 193 320 372
3 59 342 372
3 129 206 373
3 206 315 373
3 191 303 374
3 90 368 374
3 72 289 375
3 189 317 375
3 203 290 376
3 192 296 376
3 97 297 377
3 57 306 377
3 152 329 378
3 92 344 378
3 189 287 379
3 61 304 379
3 191 286 380
3 126 303 380
3 191 295 381
3 62 358 381
3 145 213 382
3 75 286 382
3 71 233 383
3 195 341 383
3 139 294 384
3 209 361 384
3 191 381 385
3 145 382 385
3 97 377 386
3 195 383 386

CELL_TYPES 716
5
5
5
5
5
5
5
5
5
5
5
5
5
5
5
5
5
5
5
5
5
5
5
5
5
5
5
5
5
5
5
5
5
5
5
5
5
5
5
5
5
5
5
5
5
5
5
5
5
5
5
5
5
5
5
5
5
5
5
5
5
5
5
5
5
5
5
5
5
5
5
5
5
5
5
5
5
5
5
5
5
5
5
5
5
5
5
5
5
5
5
5
5
5
5
5
5
5
5
5
5
5
5
5
5
5
5
5
5
5
5
5
5
5
5
5
5
5
5
5
5
5
5
5
5
5
5
5
5
5
5
5
5
5
5
5
5
5
5
5
5
5
5
5
5
5
5
5
5
5
5
5
5
5
5
5
5
5
5
5
5
5
5
5
5
5
5
5
5
5
5
5
5
5
5
5
5
5
5
5
5
5
5
5
5
5
5
5
5
5
5
5
5
5
5
5
5
5
5
5
5
5
5
5
5
5
5
5
5
5
5
5
5
5
5
5
5
5
5
5
5
5
5
5
5
5
5
5
5
5
5
5
5
5
5
5
5
5
5
5
5
5
5
5
5
5
5
5
5
5
5
5
5
5
5
5
5
5
5
5
5
5
5
5
5
5
5
5
5
5
5
5
5
5
5
5
5
5
5
5
5
5
5
5
5
5
5
5
5
5
5
5
5
5
5
5
5
5
5
5
5
5
5
5
5
5
5
5
5
5
5
5
5
5
5
5
5
5
5
5
5
5
5
5
5
5
5
5
5
5
5
5
5
5
5
5
5
5
5
5
5
5
5
5
5
5
5
5
5
5
5
5
5
5
5
5
5
5
5
5
5
5
5
5
5
5
5
5
5
5
5
5
5
5
5
5
5
5
5
5
5
5
5
5
5
5
5
5
5
5
5
5
5
5
5
5
5
5
5
5
5
5
5
5
5
5
5
5
5
5
5
5
5
5
5
5
5
5
5
5
5
5
5
5
5
5
5
5
5
5
5
5
5
5
5
5
5
5
5
5
5
5
5
5
5
5
5
5
5
5
5
5
5
5
5
5
5
5
5
5
5
5
5
5
5
5
5
5
5
5
5
5
5
5
5
5
5
5
5
5
5
5
5
5
5
5
5
5
5
5
5
5
5
5
5
5
5
5
5
5
5
5
5
5
5
5
5
5
5
5
5
5
5
5
5
5
5
5
5
5
5
5
5
5
5
5
5
5
5
5
5
5
5
5
5
5
5
5
5
5
5
5
5
5
5
5
5
5
5
5
5
5
5
5
5
5
5
5
5
5
5
5
5
5
5
5
5
5
5
5
5
5
5
5
5
5
5
5
5
5
5
5
5
5
5
5
5
5
5
5
5
5
5
5
5
5
5
5
5
5
5
5
5
5
5
5
5
5
5
5
5
5
5
5
5
5
5
5
5
5
5
5
5
5
5
5
5
5
5
5
5
5
5
5
5
5
5
5
5
5
5
5
5
5
5
5
5
5
5
5
5
5
5
5
5
5
5
5
5
5
5
5
5
5
5
5
5
5
5
5
5
5
5
5
5
5
5
5
5
5
5
5
5
5
5
5
5
5
5
5
5
5
5
5
5
5
5
5
5
5
5
5
5
5
5
5
5
5
5
5
5
5
5
5
5
5

POINT_DATA 387
SCALARS bc int
LOOKUP_TABLE default
3
3
3
3
3
3
3
3
3
3
3
3
3
3
3
3
3
3
3
3
3
3
3
3
3
3
3
3
3
3
3
3
3
3
3
3
3
3
3
3
3
3
3
3
3
3
3
3
3
3
3
3
3
3
3
3
0
0
0
0
0
0
0
0
0
0
0
0
0
0
0
0
0
0
0
0
0
0
0
0
0
0
0
0
0
0
0
0
0
0
0
0
0
0
0
0
0
0
0
0
0
0
0
0
0
0
0
0
0
0
0
0
0
0
0
0
0
0
0
0
0
0
0
0
0
0
0
0
0
0
0
0
0
0
0
0
0
0
0
0
0
0
0
0
0
0
0
0
0
0
0
0
0
0
0
0
0
0
0
0
0
0
0
0
0
0
0
0
0
0
0
0
0
0
0
0
0
0
0
0
0
0
0
0
0
0
0
0
0
0
0
0
0
0
0
0
0
0
0
0
0
0
0
0
0
0
0
0
0
0
0
0
0
0
0
0
0
0
0
0
0
0
0
0
0
0
0
0
0
0
0
0
0
0
0
0
0
0
0
0
0
0
0
0
0
0
0
0
0
0
0
0
0
0
0
0
0
0
0
0
0
0
0
0
0
0
0
0
0
0
0
0
0
0
0
0
0
0
0
0
0
0
0
0
0
0
0
0
0
0
0
0
0
0
0
0
0
0
0
0
0
0
0
0
0
0
0
0
0
0
0
0
0
0
0
0
0
0
0
0
0
0
0
0
0
0
0
0
0
0
0
0
0
0
0
0
0
0
0
0
0
0
0
0
0
0
0
0
0
0
0
0
0
0
0
0
0
0
0
0
0
0
0
0
0
0
0
0
0
0
0
0
0
0
0
0
0
0
0
0
0
0
0
0
0
0
0
CELL_DATA 716
SCALARS material int
LOOKUP_TABLE default
1
1
1
1
1
1
1
1
1
1
1
1
1
1
1
1
1
1
1
1
1
1
1
1
1
1
1
1
1
1
1
1
1
1
1
1
1
1
1
1
1
1
1
1
1
1
1
1
1
1
1
1
1
1
1
1
1
1
1
1
1
1
1
1
1
1
1
1
1
1
1
1
1
1
1
1
1
1
1
1
1
1
1
1
1
1
1
1
1
1
1
1
1
1
1
1
1
1
1
1
1
1
1
1
1
1
1
1
1
1
1
1
1
1
1
1
1
1
1
1
1
1
1
1
1
1
1
1
1
1
1
1
1
1
1
1
1
1
1
1
1
1
1
1
1
1
1
1
1
1
1
1
1
1
1
1
1
1
1
1
1
1
1
1
1
1
1
1
1
1
1
1
1
1
1
1
1
1
1
1
1
1
1
1
1
1
1
1
1
1
1
1
1
1
1
1
1
1
1
1
1
1
1
1
1
1
1
1
1
1
1
1
1
1
1
1
1
1
1
1
1
1
1
1
1
1
1
1
1
1
1
1
1
1
1
1
1
1
1
1
1
1
1
1
1
1
1
1
1
1
1
1
1
1
1
1
1
1
1
1
1
1
1
1
1
1
1
1
1
1
1
1
1
1
1
1
1
1
1
1
1
1
1
1
1
1
1
1
1
1
1
1
1
1
1
1
1
1
1
1
1
1
1
1
1
1
1
1
1
1
1
1
1
1
1
1
1
1
1
1
1
1
1
1
1
1
1
1
1
1
1
1
1
1
1
1
1
1
1
1
1
1
1
1
1
1
1
1
1
1
1
1
1
1
1
1
1
1
1
1
1
1
1
1
1
1
1
1
1
1
1
1
1
1
1
1
1
1
1
1
1
1
1
1
1
1
1
1
1
1
1
1
1
1
1
1
1
1
1
1
1
1
1
1
1
1
1
1
1
1
1
1
1
1
1
1
1
1
1
1
1
1
1
1
1
1
1
1
1
1
1
1
1
1
1
1
1
1
1
1
1
1
1
1
1
1
1
1
1
1
1
1
1
1
1
1
1
1
1
1
1
1
1
1
1
1
1
1
1
1
1
1
1
1
1
1
1
1
1
1
1
1
1
1
1
1
1
1
1
1
1
1
1
1
1
1
1
1
1
1
1
1
1
1
1
1
1
1
1
1
1
1
1
1
1
1
1
1
1
1
1
1
1
1
1
1
1
1
1
1
1
1
1
1
1
1
1
1
1
1
1
1
1
1
1
1
1
1
1
1
1
1
1
1
1
1
1
1
1
1
1
1
1
1
1
1
1
1
1
1
1
1
1
1
1
1
1
1
1
1
1
1
1
1
1
1
1
1
1
1
1
1
1
1
1
1
1
1
1
1
1
1
1
1
1
1
1
1
1
1
1
1
1
1
1
1
1
1
1
1
1
1
1
1
1
1
1
1
1
1
1
1
1
1
1
1
1
1
1
1
1
1
1
1
1
1
1
1
1
1
1
1
1
1
1
1
1
1
1
1
1
1
1
1
1
1
1
1
1
1
1
1
1
1
1
1
1
1
1
1
1
1
1
1
1
1
1
1
1
1
1
1
1
1
1
1
1
1
1
1
1
1
1
1
1
1
1
1
1
1
1
1
1
1
1
1
SCALARS hexnum int
LOOKUP_TABLE default
1
1
1
1
1
1
1
1
1
1
1
1
1
1
1
1
1
1
1
1
1
1
1
1
1
1
1
1
1
1
1
1
1
1
1
1
1
1
1
1
1
1
1
1
1
1
1
1
1
1
1
1
1
1
1
1
1
1
1
1
1
1
1
1
1
1
1
1
1
1
1
1
1
1
1
1
1
1
1
1
1
1
1
1
1
1
1
1
1
1
1
1
1
1
1
1
1
1
1
1
1
1
1
1
1
1
1
1
1
1
1
1
1
1
1
1
1
1
1
1
1
1
1
1
1
1
1
1
1
1
1
1
1
1
1
1
1
1
1
1
1
1
1
1
1
1
1
1
1
1
1
1
1
1
1
1
1
1
1
1
1
1
1
1
1
1
1
1
1
1
1
1
1
1
1
1
1
1
1
1
1
1
1
1
1
1
1
1
1
1
1
1
1
1
1
1
1
1
1
1
1
1
1
1
1
1
1
1
1
1
1
1
1
1
1
1
1
1
1
1
1
1
1
1
1
1
1
1
1
1
1
1
1
1
1
1
1
1
1
1
1
1
1
1
1
1
1
1
1
1
1
1
1
1
1
1
1
1
1
1
1
1
1
1
1
1
1
1
1
1
1
1
1
1
1
1
1
1
1
1
1
1
1
1
1
1
1
1
1
1
1
1
1
1
1
1
1
1
1
1
1
1
1
1
1
1
1
1
1
1
1
1
1
1
1
1
1
1
1
1
1
1
1
1
1
1
1
1
1
1
1
1
1
1
1
1
1
1
1
1
1
1
1
1
1
1
1
1
1
1
1
1
1
1
1
1
1
1
1
1
1
1
1
1
1
1
1
1
1
1
1
1
1
1
1
1
1
1
1
1
1
1
1
1
1
1
1
1
1
1
1
1
1
1
1
1
1
1
1
1
1
1
1
1
1
1
1
1
1
1
1
1
1
1
1
1
1
1
1
1
1
1
1
1
1
1
1
1
1
1
1
1
1
1
1
1
1
1
1
1
1
1
1
1
1
1
1
1
1
1
1
1
1
1
1
1
1
1
1
1
1
1
1
1
1
1
1
1
1
1
1
1
1
1
1
1
1
1
1
1
1
1
1
1
1
1
1
1
1
1
1
1
1
1
1
1
1
1
1
1
1
1
1
1
1
1
1
1
1
1
1
1
1
1
1
1
1
1
1
1
1
1
1
1
1
1
1
1
1
1
1
1
1
1
1
1
1
1
1
1
1
1
1
1
1
1
1
1
1
1
1
1
1
1
1
1
1
1
1
1
1
1
1
1
1
1
1
1
1
1
1
1
1
1
1
1
1
1
1
1
1
1
1
1
1
1
1
1
1
1
1
1
1
1
1
1
1
1
1
1
1
1
1
1
1
1
1
1
1
1
1
1
1
1
1
1
1
1
1
1
1
1
1
1
1
1
1
1
1
1
1
1
1
1
1
1
1
1
1
1
1
1
1
1
1
1
1
1
1
1
1
1
1
1
1
1
1
1
1
1
1
1
1
1
1
1
1
1
1
1
1
1
1
1
1
1
1
1
1
1
1
1
1
1
1
1
1
1
1
1
1
1
1
1
1
1
1
1
1
1
1
1
1
1
1
1
1
1
1
1
1
1
1
1
1
1
